%YAML:1.0
K: !!opencv-matrix
   rows: 3
   cols: 3
   dt: d
   data: [ 9.7965493282285252e+02, 0., 6.3058651720461137e+02, 0.,
       1.0102644478099808e+03, 3.8870416886761285e+02, 0., 0., 1. ]
D: !!opencv-matrix
   rows: 1
   cols: 5
   dt: d
   data: [ -6.8401039631397778e-02, -7.3396929204252714e-01,
       -2.4007232134074186e-02, 1.9718822768287287e-03,
       1.5700147761016312e+00 ]
BOARD_WIDTH: 9
BOARD_HEIGHT: 7
SQUARE_SIZE: 20
