%YAML:1.0
K: !!opencv-matrix
   rows: 3
   cols: 3
   dt: d
   data: [ 1.3526932361848285e+03, 0., 6.1271833985367971e+02, 0.,
       1.3593779173337430e+03, 3.6141470836684505e+02, 0., 0., 1. ]
D: !!opencv-matrix
   rows: 1
   cols: 5
   dt: d
   data: [ -7.0543810793275141e-01, 6.5060683849316980e-01,
       -2.5044410844901228e-03, 7.4052983602315992e-02,
       3.7837025230587190e-01 ]
BOARD_WIDTH: 9
BOARD_HEIGHT: 7
SQUARE_SIZE: 20
