%YAML:1.0
K: !!opencv-matrix
   rows: 3
   cols: 3
   dt: d
   data: [ 1.8357246148729278e+03, 0., 6.8873945522172983e+02, 0.,
       1.5817754978042465e+03, 3.5910583748455281e+02, 0., 0., 1. ]
D: !!opencv-matrix
   rows: 1
   cols: 5
   dt: d
   data: [ 1.5670763593979824e+00, -3.6219229421979222e+01,
       9.3258503160878643e-03, 2.2453164409227998e-04,
       1.8711242638551434e+02 ]
BOARD_WIDTH: 9
BOARD_HEIGHT: 7
SQUARE_SIZE: 20
