%YAML:1.0
K: !!opencv-matrix
   rows: 3
   cols: 3
   dt: d
   data: [ 1.4681792412310065e+03, 0., 6.2903679791252932e+02, 0.,
       1.4943918869605911e+03, 3.6614309906657547e+02, 0., 0., 1. ]
D: !!opencv-matrix
   rows: 1
   cols: 5
   dt: d
   data: [ -3.8091360029962673e-01, -9.4989207996139813e-01,
       -1.2110535933042546e-02, 2.3594392886180319e-02,
       3.7875576451953479e+00 ]
BOARD_WIDTH: 9
BOARD_HEIGHT: 7
SQUARE_SIZE: 20
