%YAML:1.0
K: !!opencv-matrix
   rows: 3
   cols: 3
   dt: d
   data: [ 1.0489996738757468e+03, 0., 5.8629403359900766e+02, 0.,
       1.1028375200918770e+03, 4.1986392102899913e+02, 0., 0., 1. ]
D: !!opencv-matrix
   rows: 1
   cols: 5
   dt: d
   data: [ 2.9447534997749641e-01, -9.5041400277662706e+00,
       -1.8811347309805351e-02, 1.7656463799587872e-02,
       5.3250727308590996e+01 ]
BOARD_WIDTH: 9
BOARD_HEIGHT: 7
SQUARE_SIZE: 2.4230000000000000e+01
