%YAML:1.0
K: !!opencv-matrix
   rows: 3
   cols: 3
   dt: d
   data: [ 1.3147437766248070e+03, 0., 6.5813297351530764e+02, 0.,
       1.3356815287760833e+03, 4.0894812178427435e+02, 0., 0., 1. ]
D: !!opencv-matrix
   rows: 1
   cols: 5
   dt: d
   data: [ -8.5425272034495336e-01, 5.5117363584578900e+00,
       -1.3969183806139148e-02, 1.8193761435554109e-02,
       -2.3589593191403793e+01 ]
BOARD_WIDTH: 9
BOARD_HEIGHT: 7
SQUARE_SIZE: 2.4230000000000000e+01
