%YAML:1.0
K1: !!opencv-matrix
   rows: 3
   cols: 3
   dt: d
   data: [ 1.3526932361848285e+03, 0., 6.1271833985367971e+02, 0.,
       1.3593779173337430e+03, 3.6141470836684505e+02, 0., 0., 1. ]
D1: !!opencv-matrix
   rows: 1
   cols: 5
   dt: d
   data: [ -7.0543810793275141e-01, 6.5060683849316980e-01,
       -2.5044410844901228e-03, 7.4052983602315992e-02,
       3.7837025230587190e-01 ]
K2: !!opencv-matrix
   rows: 3
   cols: 3
   dt: d
   data: [ 9.7965493282285252e+02, 0., 6.3058651720461137e+02, 0.,
       1.0102644478099808e+03, 3.8870416886761285e+02, 0., 0., 1. ]
D2: !!opencv-matrix
   rows: 1
   cols: 5
   dt: d
   data: [ -6.8401039631397778e-02, -7.3396929204252714e-01,
       -2.4007232134074186e-02, 1.9718822768287287e-03,
       1.5700147761016312e+00 ]
R: !!opencv-matrix
   rows: 3
   cols: 3
   dt: d
   data: [ 5.6419875894788904e-03, -1.2836268575791307e-01,
       9.9171124269166933e-01, 1.1827325974041275e-01,
       9.8485161617967720e-01, 1.2680193270867154e-01,
       -9.9296505679022606e-01, 1.1657750646369507e-01,
       2.0738393869586598e-02 ]
T: [ -1.1554119020543299e+03, -2.5087738039743280e+02,
    8.3766072252159108e+02 ]
E: !!opencv-matrix
   rows: 3
   cols: 3
   dt: d
   data: [ 1.5003960806458207e+02, -8.5421817582050176e+02,
       -1.1141979249753204e+02, -1.1425575735388202e+03,
       2.7170658383183437e+01, 8.5467894319229958e+02,
       -1.3523888493215279e+02, -1.1701125734351658e+03,
       1.0228945642207739e+02 ]
F: !!opencv-matrix
   rows: 3
   cols: 3
   dt: d
   data: [ -1.3932535342191118e-06, 7.8931825692288275e-06,
       -5.9949841261266329e-04, 1.0288223385221432e-05,
       -2.4345660521143912e-07, -1.6626127188178554e-02,
       -1.8902426490513954e-03, 5.7094479323512711e-03, 1. ]
