%YAML:1.0
K: !!opencv-matrix
   rows: 3
   cols: 3
   dt: d
   data: [ 1.3367524827372215e+03, 0., 6.5495853738450398e+02, 0.,
       1.3249015478237816e+03, 3.6889716915589389e+02, 0., 0., 1. ]
D: !!opencv-matrix
   rows: 1
   cols: 5
   dt: d
   data: [ -5.2202871740426104e-01, 6.9634600169618621e-01,
       -8.6366863220293816e-03, 8.5904941625581082e-03,
       -8.5628953384328277e-01 ]
BOARD_WIDTH: 9
BOARD_HEIGHT: 7
SQUARE_SIZE: 20
