%YAML:1.0
K: !!opencv-matrix
   rows: 3
   cols: 3
   dt: d
   data: [ 1.4584403060767172e+03, 0., 6.3715413720800723e+02, 0.,
       1.4260097424588357e+03, 3.6499132650514878e+02, 0., 0., 1. ]
D: !!opencv-matrix
   rows: 1
   cols: 5
   dt: d
   data: [ -5.2573994389671974e-01, 6.8367975852980223e-01,
       1.2631318272764432e-02, 1.6205852963600824e-02,
       -9.7129207641361637e-01 ]
BOARD_WIDTH: 9
BOARD_HEIGHT: 7
SQUARE_SIZE: 20
