%YAML:1.0
K1: !!opencv-matrix
   rows: 3
   cols: 3
   dt: d
   data: [ 1.3367524827372215e+03, 0., 6.5495853738450398e+02, 0.,
       1.3249015478237816e+03, 3.6889716915589389e+02, 0., 0., 1. ]
D1: !!opencv-matrix
   rows: 1
   cols: 5
   dt: d
   data: [ -5.2202871740426104e-01, 6.9634600169618621e-01,
       -8.6366863220293816e-03, 8.5904941625581082e-03,
       -8.5628953384328277e-01 ]
K2: !!opencv-matrix
   rows: 3
   cols: 3
   dt: d
   data: [ 1.8357246148729278e+03, 0., 6.8873945522172983e+02, 0.,
       1.5817754978042465e+03, 3.5910583748455281e+02, 0., 0., 1. ]
D2: !!opencv-matrix
   rows: 1
   cols: 5
   dt: d
   data: [ 1.5670763593979824e+00, -3.6219229421979222e+01,
       9.3258503160878643e-03, 2.2453164409227998e-04,
       1.8711242638551434e+02 ]
R: !!opencv-matrix
   rows: 3
   cols: 3
   dt: d
   data: [ 8.5106421645709507e-01, 8.2732867885154618e-02,
       5.1850262490923638e-01, -3.8567489383297973e-02,
       9.9469067045263093e-01, -9.5409742045373988e-02,
       -5.2364324518601402e-01, 6.1202472874820654e-02,
       8.4973643506976138e-01 ]
T: [ -7.0803733089974378e+02, -2.8330085453256057e+01,
    5.9302987813753816e+02 ]
E: !!opencv-matrix
   rows: 3
   cols: 3
   dt: d
   data: [ 3.7706531412188085e+01, -5.9161515836956414e+02,
       3.2507721880030580e+01, 1.3394754290758499e+02,
       9.2396698098654269e+01, 9.0913266591897536e+02,
       5.1417944220892416e+01, -7.0193429816117805e+02,
       8.2242882771055903e+01 ]
F: !!opencv-matrix
   rows: 3
   cols: 3
   dt: d
   data: [ -6.5896289111147980e-05, 1.0431603211315604e-03,
       -4.1760153112426734e-01, -2.7167008169868276e-04,
       -1.8907360521602072e-04, -2.2171392935535628e+00,
       -2.2011742918400041e-02, 1.6214706565814396e+00, 1. ]
