%YAML:1.0
K1: !!opencv-matrix
   rows: 3
   cols: 3
   dt: d
   data: [ 1.4584403060767172e+03, 0., 6.3715413720800723e+02, 0.,
       1.4260097424588357e+03, 3.6499132650514878e+02, 0., 0., 1. ]
D1: !!opencv-matrix
   rows: 1
   cols: 5
   dt: d
   data: [ -5.2573994389671974e-01, 6.8367975852980223e-01,
       1.2631318272764432e-02, 1.6205852963600824e-02,
       -9.7129207641361637e-01 ]
K2: !!opencv-matrix
   rows: 3
   cols: 3
   dt: d
   data: [ 1.4681792412310065e+03, 0., 6.2903679791252932e+02, 0.,
       1.4943918869605911e+03, 3.6614309906657547e+02, 0., 0., 1. ]
D2: !!opencv-matrix
   rows: 1
   cols: 5
   dt: d
   data: [ -3.8091360029962673e-01, -9.4989207996139813e-01,
       -1.2110535933042546e-02, 2.3594392886180319e-02,
       3.7875576451953479e+00 ]
R: !!opencv-matrix
   rows: 3
   cols: 3
   dt: d
   data: [ 8.3991100999164714e-01, 7.4069992240860832e-02,
       5.3764591651406601e-01, -2.6644613123056517e-02,
       9.9507616044113489e-01, -9.5464650595136716e-02,
       -5.4206970021053003e-01, 6.5856443657152555e-02,
       8.3774898922200935e-01 ]
T: [ -7.9265946096318203e+02, -2.7900757545775441e+01,
    3.6792057799233754e+02 ]
E: !!opencv-matrix
   rows: 3
   cols: 3
   dt: d
   data: [ 2.4927256739102354e+01, -3.6794644076320361e+02,
       1.1749577992297521e+01, -1.2065613211509759e+02,
       7.9453607487376189e+01, 8.6186065857824383e+02,
       4.4554258125498826e+01, -7.8668992405765312e+02,
       9.0671686843914756e+01 ]
F: !!opencv-matrix
   rows: 3
   cols: 3
   dt: d
   data: [ 9.1329736361059267e-07, -1.3787594084926307e-05,
       5.0782805726527448e-03, -4.3431186530105089e-06,
       2.9250418321620383e-06, 4.6945393923033540e-02,
       3.4123629865407466e-03, -3.5678009856587430e-02, 1. ]
